first image rotation matrix
[[ 0.91835385 -0.32671665  0.22334375]
 [-0.14914599 -0.8084444  -0.56936203]
 [ 0.36658106  0.48956499 -0.79116651]]
first image translation vector
[[ 25.27349398]
 [-31.32917905]
 [ 12.33028105]]


second image rotation matrix
[[ 0.65839108 -0.72201563  0.21263729]
 [-0.47503516 -0.61773827 -0.62669054]
 [ 0.58383456  0.31159727 -0.74969617]]
second image translation vector
[[-19.57116407]
 [ 11.19565244]
 [ -2.04711201]]


third image rotation matrix
[[ 0.01653231  0.99539377 -0.0944348 ]
 [-0.92957726 -0.01948427 -0.36811204]
 [-0.36825642  0.09387019  0.92497329]]
third image translation vector
[[ 2.52561879e+01]
 [-1.65364135e-04]
 [ 3.00929168e+00]]
